-0.0001431332
-7.131489e-05
7.063759e-05
-0.0001541986
-0.0001737526
0.0001793625
-0.0003200716
-0.0005579886
0.0001284253
0.0001154726
0.0001293365
-9.611016e-05
-0.0001477036
-0.0006098775
-0.0006309211
-0.0007315902
-0.0009593177
-0.0008961864
-0.0009514223
-0.0007992215
-0.0001903009
0.0008389819
0.001034193
0.0008160735
0.0007936209
0.00115638
0.001276476
0.000897854
0.0002280751
0.0002452441
0.0002428489
0.0003436766
0.0007152297
0.001149458
0.001359322
0.001897244
0.001140559
0.0002315844
0.0001336995
-0.001333368
-0.001919716
-0.001779955
-0.001651374
-0.0008795701
-0.0004260171
0.0002677099
0.0003578064
0.0003009389
0.000382375
0.0003833121
0.0003763691
0.0005999014
0.001081057
0.001435033
0.001539575
0.0005760275
-0.0004119845
-0.000525898
-0.0004528872
-0.0005131602
0.0001836421
0.001427922
0.0007115202
-0.0003372567
-0.000944395
-0.002086793
-0.002274461
-0.002580794
-0.001221467
-0.0004139377
0.0008882701
0.001683815
0.001586848
-4.254593e-06
-0.000174789
0.0007676538
0.0008066549
0.0005251876
0.0004176676
-5.178481e-05
-0.0008534926
-0.002443615
-0.004192749
-0.004127805
-0.002861943
-0.002115943
-1.092347e-05
0.00191711
0.003552339
0.002818751
0.001463805
0.001257886
0.001793666
0.002406797
0.002806469
0.002837724
0.002843343
0.00259569
0.001458111
-5.745659e-05
-0.001249215
-0.001273917
-0.001557214
-0.001699936
-0.001660797
-0.003276678
-0.003630577
-0.003553653
-0.003835056
-0.004434301
-0.004750914
-0.004681001
-0.00415051
-0.002251441
0.001673579
0.005685098
0.007727697
0.006033057
0.004414309
0.003131863
0.002818811
0.001979465
-2.297381e-05
-0.002949209
-0.00488186
-0.005411797
-0.004993129
-0.001824807
0.003242181
0.006327767
0.006034949
0.0004596536
-0.005695434
-0.006104329
-0.002743163
0.004461298
0.009532474
0.008737108
0.003698755
-0.001188793
-0.003988751
-0.00309198
-9.10062e-05
0.003236227
0.003609932
0.0005455689
-0.003433243
-0.004763346
-0.004023009
-0.003334075
-0.004462911
-0.005548864
-0.00501416
-0.001772984
0.0006436531
0.0009784103
0.0007568704
-0.001207693
-0.001652899
0.002252701
0.008258313
0.01053218
0.008503422
0.003175272
-0.002602947
-0.00609024
-0.00690241
-0.004282171
0.001976117
0.006745919
0.005721078
0.0002120322
-0.004126093
-0.004606084
-0.004458948
-0.001925474
0.002216475
0.005014933
0.004662041
0.002496188
0.0008767248
-0.0001889731
-0.0006101389
-0.0004484176
0.001688362
0.004286549
0.005615547
0.005405117
0.002417379
-0.003170974
-0.007055658
-0.005979983
-0.002594187
0.001447617
0.004510763
0.007177505
0.007954941
0.005974742
0.003464841
-0.001682877
-0.01083176
-0.01948803
-0.02115528
-0.01554523
-0.007558411
-0.00217038
0.0001280475
0.002384608
0.007180703
0.01046428
0.01226447
0.01027719
0.005307598
0.0009049312
-0.0006851077
8.896615e-05
0.002273444
0.002851638
0.001852899
-0.0001539576
-0.003335129
-0.006524762
-0.006020183
-0.0005992595
0.004727341
0.007092495
0.00525624
0.001499288
-0.0008623646
-0.00288018
-0.007323725
-0.01195317
-0.01416977
-0.01287019
-0.01046223
-0.007260537
-0.002055599
0.006641905
0.01557598
0.02074384
0.02067281
0.01332217
-1.68435e-05
-0.01498744
-0.02176337
-0.02180274
-0.01765099
-0.009537107
-0.001101087
0.003758864
0.00452198
0.004304283
0.00398463
0.003055073
0.002851332
-0.0003241189
-0.01053785
-0.02067482
-0.01925365
-0.00400737
0.01390463
0.02401432
0.02829657
0.02859806
0.02268815
0.01506125
0.01135638
0.01143561
0.01249616
0.01232592
0.01235673
0.01243923
0.01377774
0.01451047
0.01638502
0.01893548
0.0201376
0.01821086
0.006141703
-0.0228296
-0.05205293
-0.06503285
-0.06881645
-0.06778997
-0.06251487
-0.05096215
-0.03178408
-0.003842453
0.01631335
0.02138264
0.02089192
0.02082747
0.0227638
0.02553571
0.02907565
0.03079211
0.03352223
0.03664309
0.03963905
0.04033446
0.0347437
0.01757715
-0.008980284
-0.02975268
-0.03632914
-0.02765199
-0.01169342
-0.003442563
-0.004484097
-0.007620157
-0.008707459
-0.008287452
-0.009356329
-0.01488677
-0.02321145
-0.02981916
-0.03325543
-0.03383545
-0.03240106
-0.03057651
-0.02858719
-0.0233908
-0.01275727
0.003184797
0.02117317
0.0391295
0.04972108
0.05486708
0.0475532
0.03678382
0.02734573
0.02272882
0.02083183
0.01985124
0.017746
0.01407176
0.005046481
-0.008540094
-0.01927069
-0.02444872
-0.02435026
-0.0228975
-0.02321214
-0.02597447
-0.03064045
-0.03159244
-0.02893241
-0.02420386
-0.01701626
-0.006481558
0.006230181
0.0169439
0.02493458
0.03119947
0.03659994
0.04137625
0.04324619
0.04025437
0.03257763
0.01582726
-0.006827572
-0.01893715
-0.02234396
-0.02055926
-0.01832074
-0.01808066
-0.02776118
-0.03871946
-0.0448116
-0.03749275
-0.02406468
-0.010454
-0.004793203
-0.004212314
-0.0002838959
0.006828708
0.01487473
0.02278829
0.0274604
0.02974294
0.02979581
0.02924242
0.0304649
0.03458126
0.04031011
0.04530287
0.0472296
0.04645209
0.04363289
0.03676349
0.02769979
0.01276833
-0.007574317
-0.02829287
-0.03864027
-0.04147629
-0.04211791
-0.04006433
-0.03720325
-0.0341619
-0.0366
-0.04752536
-0.06011292
-0.06347809
-0.05690643
-0.03877139
-0.01941882
-0.007898885
-0.001396523
0.003511502
0.007582993
0.01131852
0.01496143
0.0195188
0.02551467
0.03372143
0.04018166
0.04521068
0.04416995
0.03700853
0.008859987
-0.02775482
-0.06049888
-0.0936263
-0.1175011
-0.1205764
-0.1092855
-0.05048465
0.02771868
0.09614707
0.1244448
0.124059
0.1085437
0.07545683
0.04293143
0.02546387
0.02214205
0.02466337
0.02801751
0.02314098
0.002285547
-0.02197911
-0.02550407
-0.01214405
0.006408485
0.0112175
0.01053878
0.006737397
0.0001714435
-0.01543577
-0.03503319
-0.04304854
-0.04107535
-0.03054301
-0.007135208
0.01178343
0.01609526
0.009272458
-0.005669063
-0.0180284
-0.02562175
-0.03307198
-0.03369289
-0.02402909
0.0006704251
0.01819798
0.02377528
0.02696446
0.02813006
0.02745103
0.02538201
0.02117074
0.01342179
0.002321899
-0.01764412
-0.03450784
-0.04140887
-0.04272258
-0.03914866
-0.03022711
-0.01709697
-0.004640382
0.01404192
0.03771233
0.04822562
0.04725212
0.03399081
0.01657486
0.007449995
0.001413515
-0.004207054
-0.008344259
-0.008711209
-0.006379472
0.003281415
0.01851222
0.02837425
0.02788207
0.0139611
-0.02175585
-0.05168582
-0.06061993
-0.0591448
-0.04549454
-0.02007444
-0.00717944
-0.006255474
-0.01024068
-0.01567735
-0.02004513
-0.02019208
-0.01019584
0.009138662
0.02186942
0.02512653
0.02643576
0.02586347
0.02515479
0.02651063
0.03074206
0.03484662
0.03493406
0.02924807
0.01488614
0.003866193
0.0008228339
-0.0001298327
0.0005553418
0.001955651
0.002123276
-0.002345699
-0.01117785
-0.02000478
-0.02375366
-0.02329504
-0.01961795
-0.01233145
-0.0004749363
0.009271968
0.0148472
0.01792381
0.02052979
0.02298756
0.02510383
0.02591309
0.02426864
0.01982644
0.008972371
-0.003393159
-0.0169611
-0.030761
-0.0451609
-0.05568706
-0.06076197
-0.06136007
-0.05627272
-0.03854252
-0.008051436
0.02546773
0.04376442
0.05033056
0.05504436
0.05886734
0.0574272
0.04897235
0.02211386
-0.007907957
-0.01868779
-0.02124366
-0.02110837
-0.01968314
-0.01879755
-0.01979061
-0.02220398
-0.02684452
-0.03294699
-0.04455071
-0.05794216
-0.0652028
-0.06681361
-0.06728988
-0.06143246
-0.04504038
-0.02017598
0.0006855384
0.01773927
0.03101568
0.04199227
0.05102091
0.06195379
0.07409291
0.09213347
0.1050915
0.1082936
0.1068995
0.09855147
0.07964016
0.05792366
0.03027639
0.002544313
-0.01942633
-0.03502835
-0.04742702
-0.05485824
-0.05907406
-0.06140545
-0.06152316
-0.06129727
-0.05802401
-0.05069354
-0.03714972
-0.02500107
-0.01820315
-0.01477842
-0.01187176
-0.008112573
-0.001816413
0.006558065
0.01462547
0.02020684
0.02298484
0.02494326
0.02531336
0.02467281
0.02191502
0.01415298
0.002061167
-0.005496611
-0.009202254
-0.01061992
-0.01203491
-0.01327662
-0.01555219
-0.01845698
-0.01920852
-0.01814481
-0.01567544
-0.01259045
-0.009789679
-0.007334407
-0.004879482
-0.003283267
-0.00123772
0.003869316
0.01035655
0.01624221
0.02075837
0.02374025
0.02351915
0.0221246
0.0205637
0.01926353
0.01906445
0.01877415
0.01672296
0.01280032
0.008326747
0.003717565
-0.0005258148
-0.00285854
-0.003365862
-0.003232173
-0.002813577
-0.003259258
-0.004759598
-0.006564602
-0.008146882
-0.009433186
-0.009706768
-0.009756685
-0.009608447
-0.009451479
-0.008684348
-0.00728063
-0.005613544
-0.004211465
-0.003168173
-0.002632749
-0.002173427
-0.001508563
-0.0007706813
-0.0001816261
0.0003143323
0.0006175807
0.0008404983
0.0008723251
0.001003054
0.001116134
0.001151162
0.001153823
0.00118924
0.001213963
0.001296788
0.001341997
0.001280395
0.001088489
0.0008011788
0.0004900032
0.0001942215